260.501312
403.245819
580.043579
756.563538
886.908691
982.580383
1063.074463
488.817108
793.239441
1196.315430
1605.542358
1950.114746
2177.120850
2291.265381
839.951721
1312.310547
1879.230591
2399.019531
2782.822021
2973.744873
3145.045654
1405.287598
2057.351562
2929.335693
3448.137695
3942.038330
4280.398926
4475.250000
1856.234497
2467.695068
3234.257080
4100.768066
4731.243164
5193.796875
5472.010742
1511.582764
2390.767090
3410.873291
4280.579102
4915.295898
5317.680176
5532.764648
1682.503906
2718.395996
3692.968994
4517.187988
5111.143555
5471.955566
5684.423828
842.237610
1321.613159
1869.334839
2399.291504
2783.926025
3035.608154
3146.224121
1427.982544
2151.072266
2935.796143
3578.019287
3974.409424
4299.668457
4490.927734
1884.811279
2802.498291
3511.242920
4288.396484
4927.085938
5339.045410
5562.452148
1573.715698
2511.249268
3556.832275
4391.991211
5009.965820
5360.967773
5555.161621
1754.576294
2826.396729
3849.571777
4610.491699
5171.207520
5501.031738
5695.267578
1851.183960
3265.358887
4375.124512
4985.636719
5431.941406
5660.713379
5783.554688
1956.448730
3608.313721
4977.647949
5466.078125
5736.509766
5868.767090
5878.857422
2017.953247
2970.317383
4041.977539
4597.392090
5248.107910
5666.127441
5893.680176
1657.781372
2617.949463
3675.444336
4452.361328
5058.719238
5386.434082
5566.831543
1747.421143
2872.000244
3950.697998
4718.109375
5234.570312
5535.563477
5706.382812
1891.411011
3390.324707
4493.265625
5078.250000
5474.469238
5682.588379
5787.603516
1989.641235
3755.155762
5056.939941
5512.478516
5766.609375
5851.326660
5884.432129
2048.094238
3965.915283
5364.319824
5716.810059
5918.836914
6006.723633
6068.418945
2075.680908
4068.082520
6657.771973
8059.517090
8334.347656
8471.166016
8556.153320
1887.845459
3300.931641
4839.765137
6097.361328
6921.702637
7468.200195
7760.756836
1966.658447
3480.697754
4556.526855
5118.411621
5510.718262
5696.706543
5795.280273
2060.737549
3876.827148
5094.474121
5516.727539
5782.162109
5864.122559
5922.382324
2108.550537
4093.431885
5386.321777
5718.719727
5913.537109
6010.464844
6063.663086
2126.618164
4188.579590
6883.199707
8026.173340
8276.898438
8414.290039
8494.535156
2141.603027
4227.315430
7019.015137
8137.995605
8365.383789
8501.409180
8566.750000
2148.090332
4247.341309
7084.596191
8200.567383
8425.019531
8543.459961
8611.173828
