256.094147
400.260559
576.152344
746.832458
875.548584
972.980225
1047.243652
488.302917
783.355530
1160.339966
1509.237305
1798.670776
1987.841675
2082.642822
825.757446
1263.547485
1733.333252
2140.072998
2406.932617
2587.026855
2744.052246
1408.841797
2084.317627
2923.304932
3449.263184
3960.763916
4294.725098
4484.991211
1845.472900
2336.020752
3007.512207
3739.117188
4321.979004
4740.949219
4963.527832
1515.180176
2397.259766
3330.341553
4116.542969
4752.268555
5117.428223
5325.764648
1625.254639
2505.285889
3601.335693
4393.817383
4972.396973
5290.775391
5478.525879
826.492554
1148.167358
1726.588867
2144.850586
2440.412598
2622.953369
2747.104736
1412.771973
2135.777100
2927.725098
3586.519531
3978.164307
4296.810547
4488.107422
1866.184204
2706.404541
3289.705811
3922.126709
4502.326172
4869.918457
5089.008301
1604.423950
2560.757812
3473.167725
4270.631836
4842.445312
5178.597168
5344.301758
1714.348267
2593.151123
3766.686523
4522.807129
4999.370117
5328.172363
5490.403320
1859.293701
3109.655762
4264.157227
4904.329102
5265.951660
5486.981445
5578.168457
1990.374268
3497.797119
4823.734863
5301.691406
5536.542969
5653.918945
5725.235352
2021.248169
2608.476807
3898.810303
4383.338379
4947.057617
5324.333008
5563.143555
1673.468994
2624.621094
3547.354004
4345.375000
4898.854980
5196.928223
5365.474609
1738.287598
2668.255615
3821.769531
4550.131348
5053.747559
5342.502441
5505.274902
1907.521729
3237.254150
4360.290039
4916.843262
5289.372559
5487.250000
5579.993164
2027.570557
3692.681152
4883.457520
5290.618652
5542.657715
5653.110840
5677.586426
2113.600586
3934.776123
5180.219238
5506.588379
5707.696289
5805.570801
5861.584961
2131.927490
4044.817383
6875.526855
7418.833496
7668.797363
7798.253906
8273.443359
1899.837158
3040.258545
4680.242676
5847.280273
6692.196289
7204.034668
7501.371094
1988.154419
3281.709961
4397.141113
4947.777832
5321.375488
5497.422363
5589.308105
2081.674072
3776.466309
4914.089844
5287.702637
5510.763184
5614.000488
5655.604004
2164.624512
4051.210449
5194.253906
5506.251465
5706.892578
5807.099609
6126.153320
2197.093994
4188.250488
6364.337402
6766.080566
6971.915039
7084.177734
7623.667969
2195.744385
4212.391602
7328.008301
7859.750488
8077.671387
8216.308594
8290.892578
2205.026611
4240.227051
7401.920898
7920.807129
8124.536621
8253.953125
8330.626953
