256.282654
395.228088
572.190002
741.487549
872.139221
974.062744
1050.703247
474.655762
788.151611
1167.719360
1582.935791
1915.167847
2157.117432
2268.118164
820.406494
1291.928345
1842.491455
2367.311768
2752.443359
2947.465332
3113.212158
1386.746338
2108.293945
2890.378418
3407.829590
3902.398682
4219.373535
4427.874512
1863.063477
2425.081787
3214.245850
4051.636475
4684.788574
5109.572754
5418.076660
1428.531860
2373.059814
3398.085449
4262.020508
4881.391113
5276.161621
5481.923828
1649.986328
2645.085449
3680.048584
4485.373535
5106.649902
5481.813965
5680.253906
815.601807
1302.510132
1856.301147
2359.910645
2756.407471
2991.845459
3110.905273
1397.531372
2114.891602
2855.503174
3551.863037
3933.017090
4252.139648
4437.292969
1824.020996
2830.002686
3506.329834
4306.308105
4898.427246
5286.989746
5519.308594
1554.610962
2519.440674
3534.843750
4334.235840
4983.209961
5312.344727
5495.130371
1710.925537
2832.040771
3774.864502
4589.156250
5174.106445
5508.874023
5699.797852
1822.380005
3283.952393
4373.889160
5011.236328
5438.343262
5659.510742
5775.840332
1940.074585
3597.659424
4942.526855
5424.451660
5734.263672
5874.336914
5905.477539
1919.228271
2892.067383
3892.753174
4515.861328
5095.988770
5502.900391
5711.671875
1570.277710
2596.887695
3625.241699
4449.549805
5010.040039
5340.444336
5517.450195
1741.344238
2921.761719
3962.918457
4699.618652
5230.708496
5543.504395
5712.363770
1887.046265
3421.027344
4493.976074
5089.178711
5479.366699
5683.176758
5785.117676
1999.617676
3769.637207
5075.996582
5488.166992
5755.376953
5818.308594
5865.936523
2067.645508
3988.796387
5362.041016
5723.062500
5901.868164
5981.378906
6243.619629
2088.447998
4070.164062
6657.104980
7991.416504
8264.163086
7775.304688
6560.527832
1859.797974
3330.799316
4860.889160
6092.856934
6977.330078
7529.541992
7831.603516
1936.239136
3508.792236
4527.289551
5117.830078
5499.247559
5687.058105
5787.279297
2039.004272
3872.358398
5082.469238
5528.135742
5772.674316
5854.243164
5887.662598
2119.922363
4081.939209
5379.732422
5725.739258
5930.813965
6010.649902
6228.158203
2162.497559
4222.775879
6028.270996
6359.061523
6555.270020
6343.493652
6762.526855
2140.702637
4225.347656
6996.067383
8197.584961
8436.931641
7913.653320
8601.230469
2150.033447
4248.123047
7075.397949
8196.221680
8417.343750
8534.431641
8611.515625
