163.149017
243.765533
326.114655
396.595367
441.723785
472.434753
487.443542
326.451019
488.059204
649.920654
789.280762
888.330750
944.359924
934.379333
656.595886
971.034485
1305.578003
1576.795044
1773.369385
1786.813599
1861.137451
1278.824585
1897.094604
2568.334717
2974.297852
3277.565186
3535.966064
3689.725098
1945.707275
2711.494385
3505.463867
4255.370605
4795.908691
5135.563477
5352.158203
1559.398071
2445.649658
3344.854980
4233.739746
4855.917969
5255.377930
5482.259766
1606.853760
2582.853760
3593.740234
4414.927246
5036.858887
5401.817871
5624.348145
657.992004
979.655701
1307.340942
1584.003540
1773.967041
1886.727173
1880.982544
1270.077515
1893.772217
2585.481934
3151.708984
3354.728760
3547.308350
3736.228271
1942.653931
2870.570557
3700.990723
4396.788086
4869.113770
5256.734375
5445.262695
1626.796997
2602.982666
3555.496094
4359.941406
4987.932617
5364.175293
5584.394531
1677.879517
2769.126709
3712.521484
4545.788574
5127.130371
5467.483887
5667.577637
1848.151733
3232.898682
4316.166016
4989.166992
5423.828613
5656.677734
5783.592285
1958.555298
3543.756348
4926.664062
5400.435059
5738.928711
5862.518066
5923.250488
1962.155640
2830.002686
3815.009766
4494.494629
4985.717773
5308.108887
5507.317383
1728.913696
2634.372314
3617.084229
4415.849609
5057.959473
5395.078125
5593.927734
1759.911621
2734.983398
3829.069824
4629.300293
5177.685547
5521.789551
5706.649902
1942.696289
3362.780273
4409.715332
5073.716797
5463.569824
5683.333008
5804.312988
2044.804932
3744.630615
5004.144043
5498.719727
5745.303223
5863.553711
5969.393066
2094.343262
3928.142578
5359.974609
5728.127441
5915.575195
6026.744629
6096.570801
2100.048828
4049.278320
6694.407715
8125.725586
8399.413086
8567.428711
8644.517578
1876.399170
3372.349854
4683.072754
5964.964355
6867.515137
7451.729492
7775.332031
1979.323975
3497.443604
4442.075684
5087.073242
5468.426270
5690.583496
5809.740234
2083.669189
3886.187988
5030.886230
5512.860840
5751.765625
5880.617676
5971.170898
2130.615234
4081.578369
5411.511230
5731.380371
5923.051270
6030.011230
6125.617188
2162.845215
4210.457031
5665.881836
5949.753418
6101.585938
6192.343750
8507.222656
2147.669678
4225.418457
6998.860352
8189.197754
8404.127930
8523.725586
8602.531250
2152.738525
4245.260254
7136.297363
8260.708008
8463.809570
8574.313477
8638.095703
