257.514771
399.668854
576.901428
746.832458
871.778076
968.049377
1049.993652
483.387695
789.071838
1162.112671
1513.127075
1798.977905
1988.782471
2079.033447
823.316589
1257.376709
1731.923828
2147.465820
2433.642090
2585.276367
2742.752441
1405.642090
2072.334229
2926.116455
3442.240967
3957.785645
4296.921387
4486.309082
1822.529053
2356.639404
2997.354248
3755.895020
4298.375000
4753.887695
4969.733887
1505.048340
2417.356445
3301.817627
4167.887695
4760.529297
5117.934570
5327.517578
1630.248779
2511.541016
3610.416504
4398.789551
4973.976074
5296.902344
5480.157227
833.417114
1271.271973
1641.430298
2141.591064
2436.035889
2624.755615
2744.904297
1413.130249
2148.081055
2936.605469
3595.060303
3975.534668
4304.182129
4492.309082
1848.228271
2698.974121
3260.247803
3933.623535
4418.698242
4873.588867
5084.116211
1596.148926
2565.618408
3466.102295
4278.304688
4837.021973
5180.072754
5358.519531
1716.791748
2618.979736
3707.997070
4512.848145
5017.988281
5328.805176
5493.973145
1844.212769
3078.449951
4296.413086
4914.842773
5268.916992
5483.591309
5583.309082
1982.604126
3496.736816
4827.663574
5292.398926
5533.416504
5671.037598
5735.497559
1978.533203
2895.552246
3856.454834
4353.542480
4892.592773
5276.038086
5509.124023
1664.592896
2702.008789
3550.162598
4350.629395
4896.362305
5201.591797
5368.562012
1731.062744
2680.492188
3840.288574
4538.771973
5052.459473
5342.799805
5502.399902
1887.445679
3214.458984
4357.725586
4909.170410
5292.905273
5483.166504
5584.562500
2030.966431
3691.459961
4887.484863
5285.905273
5528.387695
5605.114746
5679.872559
2126.434326
3937.148438
5181.203613
5497.725586
5711.852051
5805.833496
5857.289551
2129.437988
4035.418701
7120.780273
7783.632324
8043.681152
8189.558594
6856.773926
1908.461304
3089.113037
4706.485840
5873.686523
6758.457520
7218.768555
7553.010254
1927.112671
3306.356689
4401.343262
4953.611816
5314.449219
5500.458008
5589.238281
2059.213867
3765.330078
4918.664551
5275.226562
5530.168945
5604.402344
5664.346191
2163.928223
4058.837158
5188.895508
5507.092773
5710.108887
5801.822754
6003.630859
2175.727783
4154.109375
7198.145508
7793.016113
8033.052734
8183.294922
8274.132812
2199.255615
4209.464844
7373.454102
7924.061523
8138.979492
8277.121094
8312.119141
2205.664062
4240.282227
7402.166992
7922.726562
8126.253418
8243.569336
8326.147461
