248.242447
381.830505
551.449890
723.615417
853.748535
942.179199
997.102600
462.517395
723.597473
1086.472168
1149.160522
1686.839111
1856.882324
1943.478760
789.926270
1193.536377
1687.198853
2108.265137
2433.079834
2590.615234
2725.393311
1334.585571
2018.939453
2817.354492
3474.496338
4022.822021
4390.634766
4615.020996
1857.782349
2636.781494
3454.578125
4206.041992
4747.915039
5129.764648
5362.027344
1527.331665
2406.328613
3329.690918
4201.129883
4835.841797
5256.404785
5474.686523
1582.882690
2623.109131
3567.107666
4418.792480
5026.336914
5415.064453
5635.128906
800.137878
1203.365234
1677.895020
2108.054932
2416.741211
2627.709717
2726.366455
1324.746704
2045.675293
2845.584473
3537.002686
4058.299072
4416.357910
4638.026855
1850.991943
2773.387939
3514.139893
4345.040039
4872.635742
5243.207031
5458.715332
1530.058350
2270.062012
2962.439453
3526.159668
3891.713379
4108.187500
4231.151855
1695.885498
2855.222168
3810.488525
4568.942871
5062.101562
5412.666504
5603.796875
1849.302002
3289.509521
4384.581543
5039.127441
5441.549316
5676.950684
5790.497070
1948.110107
3565.739746
4973.979004
5466.520020
5749.078613
5897.050293
5934.520508
1873.086792
2748.364746
3732.118652
4425.326660
4873.904785
5291.983398
5503.121094
1510.250732
2368.770996
3331.123047
4159.685547
4794.816895
5219.397949
5453.972656
1764.301025
2699.647949
3659.027588
4182.114258
4658.613770
5040.456055
4965.720215
1945.537476
3299.861572
4542.254883
5138.672852
5489.278320
5702.963379
5806.884277
2048.305908
3705.493408
5063.853027
5535.012695
5776.237793
5904.481445
5942.852539
2103.288574
3926.003174
5409.255859
5748.515137
5927.924805
6027.953613
6142.912598
2120.824219
4051.814941
6873.325195
7407.448730
7637.327148
7759.742188
8582.357422
1775.618774
3092.646973
4528.613281
5859.641113
6843.517578
7462.604980
7800.160645
1868.610107
3005.611816
4277.323730
4904.400391
5363.720215
5629.940918
5761.499023
2039.307617
3606.132812
4965.607910
5472.137207
5741.716797
5884.631836
5954.095215
2111.410156
3937.394531
5349.100586
5716.701172
5926.718262
6042.915527
6111.877441
2129.660645
4131.973633
6921.012695
8064.202148
8341.242188
8493.889648
7734.236328
2142.056396
4196.001465
7166.103516
8224.806641
8460.976562
8557.230469
8598.603516
2151.196289
4230.930176
7316.842773
8254.655273
8457.499023
8574.212891
8641.512695
