260.306549
399.787079
580.043579
746.305115
860.799744
974.378845
1054.741943
490.366180
774.158081
1158.824829
1506.655273
1800.516602
1994.445312
2083.263184
825.512695
1262.662354
1728.831177
2142.676514
2439.564209
2586.071777
2749.983643
1408.129517
2065.604492
2915.302246
3456.031494
3968.603027
4292.750977
4485.889648
1832.119751
2360.755371
3017.311035
3767.444092
4326.308594
4757.654785
4969.770508
1517.450317
2397.658447
3333.990967
4172.001465
4768.548340
5130.626465
5332.189941
1634.134277
2513.292236
3613.555664
4399.533691
4966.495117
5291.462402
5480.570801
826.247375
1197.766968
1730.797852
2140.289551
2437.446045
2566.096436
2745.712402
1421.061157
2157.940430
2927.322754
3588.346436
3968.229492
4301.428711
4498.265625
1854.380737
2700.322266
3288.182129
3939.122070
4494.636719
4875.850586
5088.776367
1604.770630
2580.465332
3466.243652
4288.613770
4842.445312
5178.556641
5360.700195
1716.924072
2593.539795
3760.368896
4521.839355
5009.369141
5327.665527
5488.519531
1847.998291
3087.624512
4251.072266
4916.021484
5268.813965
5486.220215
5580.920410
1987.555908
3509.433105
4818.585449
5300.985352
5524.840332
5663.484863
5724.716797
1883.218506
2714.898438
3618.620361
4068.404297
4518.753906
4914.122070
5118.907715
1637.196167
2630.047607
3537.191895
4351.301758
4896.220215
5198.093262
5371.266602
1734.836548
2688.990723
3837.002197
4551.846191
5055.947754
5338.409668
5500.373047
1889.166016
3223.562500
4359.732422
4914.092773
5296.649902
5485.134766
5580.671387
2030.642578
3647.220703
4887.449219
5285.016602
5514.010742
5608.509766
5674.193359
2121.284912
3944.621338
5185.796387
5505.333008
5704.989746
5802.007324
5864.263184
2157.831543
4093.577148
5652.032715
6008.684570
6195.612305
6523.363770
8204.369141
1900.485229
3096.299805
4727.639648
5893.237793
6755.949707
7271.226074
7555.326172
1931.455811
3278.662842
4430.698730
4951.508789
5317.028809
5494.951660
5589.773438
2072.886963
3767.256592
4893.836426
5294.449707
5535.780762
5605.645996
5705.671387
2160.793701
4050.143555
5198.294434
5507.439941
5704.784668
5803.778809
5864.067871
2182.761230
4151.966797
7204.041992
7796.913086
8035.627930
8184.870117
8271.073242
2195.730713
4208.056641
7373.552734
7929.066406
8142.456055
8272.781250
8332.929688
2201.467529
4236.988281
7462.669434
7940.633301
8185.234863
8292.412109
8333.663086
