210.051270
378.092316
551.221497
728.202881
856.806091
940.155701
1000.715088
405.544556
569.008606
743.375671
891.787292
984.910217
1044.098389
1071.061401
787.469666
1202.829834
1675.782837
2100.095459
2420.353027
2597.179443
2728.891846
1206.532349
1664.374268
2101.963867
2383.597656
2574.478516
2724.558838
2804.144287
2002.717773
2596.264404
3238.190674
3797.567139
4249.678711
4551.480469
4737.597656
1530.373657
2404.456055
3342.755127
4216.109863
4834.938965
5262.575684
5471.898926
1575.440308
2637.826416
3581.804199
4424.342285
5025.361816
5409.618652
5635.956055
803.137207
1208.745850
1678.159424
2099.678223
2414.523682
2622.135254
2729.779053
1227.536255
1657.486328
2100.305664
2429.631104
2609.499268
2733.686523
2804.284668
1969.787842
2707.760010
3435.908936
3954.785400
4337.002930
4586.000000
4751.235840
1642.264160
2515.338623
3490.813721
4337.237793
4980.557617
5363.833008
5569.624023
1584.965698
2565.922607
3748.044678
4543.284668
5106.727051
5474.895996
5654.208008
1731.869995
2756.552734
4355.107910
4987.033691
5409.979004
5652.338379
5781.283691
1839.132690
3114.414062
4931.618652
5427.368164
5722.003418
5864.000977
5912.299805
2025.658203
2718.310791
3529.864014
4034.235352
4407.135742
4629.638184
4754.295898
1700.544922
2581.389404
3554.903076
4410.780762
5023.488770
5403.358887
5594.696289
1659.386353
2631.727783
3847.572510
4625.690918
5155.458008
5493.817871
5690.948730
1810.386841
2885.604004
4380.354492
5022.624512
5416.437500
5675.394043
5798.957520
1920.117188
3331.857666
4918.451172
5487.053711
5724.531250
5852.122559
5924.220215
1976.591553
3575.725342
5337.497559
5704.490234
5900.000977
6011.744629
6077.811035
2005.010010
3758.163086
6734.975098
8103.163574
8391.886719
8555.463867
8568.893555
1799.348999
3097.740967
4776.676270
6013.653320
6920.281250
7503.075684
7831.922363
1877.150024
2995.360840
4437.275391
5069.609375
5462.551270
5681.496094
5807.536621
1987.799683
3484.833984
5019.105469
5487.499023
5740.677246
5883.833496
5961.833008
2037.489502
3813.276855
5372.967773
5734.514648
5908.500488
6027.895508
6101.608398
2082.184814
4043.422852
6420.906250
6765.378906
6969.016602
7153.427246
8567.228516
2074.998535
4064.863037
7118.409668
8196.610352
8423.722656
8571.732422
8650.351562
2080.325684
4095.136719
7337.169434
8266.403320
8457.083984
8575.914062
8647.703125
