260.501312
400.260559
574.908203
736.629028
865.613037
940.997742
988.836060
486.937073
755.339478
1088.248535
1404.716309
1628.766724
1798.244019
1864.215576
826.492554
1232.160400
1693.369385
2117.771729
2432.939209
2577.190430
2699.935791
1402.457153
2050.329834
2943.098145
3554.251709
4089.436279
4435.234863
4647.653320
1893.460205
2638.711426
3467.513428
4243.409180
4786.912598
5171.825195
5386.621094
1602.347168
2453.278809
3346.562988
4234.164551
4856.127930
5231.540039
5463.176270
1645.052856
2670.644531
3634.133301
4433.797852
5039.534180
5401.470215
5619.654785
827.720642
1233.847534
1704.481445
2105.744629
2370.082031
2612.193115
2702.890381
1394.732056
2069.557861
2913.308838
3640.261719
4117.428223
4465.395996
4678.404297
1905.768188
2780.519531
3655.260010
4348.168457
4905.560547
5257.473633
5472.723633
1714.941895
2578.312012
3545.730225
4360.503418
4981.293945
5336.502930
5516.498535
1767.169434
2803.134277
3825.201416
4558.718750
5109.283203
5467.127930
5648.419922
1925.905151
3304.462402
4347.163574
4961.606445
5386.126465
5632.605957
5754.534180
2020.790039
3562.802979
4912.495605
5367.561523
5696.120605
5831.326660
5881.241699
1929.532227
2809.780273
3778.463867
4461.054199
4976.143066
5313.058105
5519.671387
1772.511475
2638.389648
3610.951904
4436.589844
5017.128906
5374.079102
5550.869141
1827.311890
2917.327881
3889.110596
4631.139160
5163.835449
5490.834473
5675.154785
1988.775635
3425.565430
4433.927246
4994.214355
5413.586914
5652.682617
5763.823242
2099.894287
3805.623047
4981.723145
5438.256836
5718.008789
5838.548340
5910.485352
2163.665527
3985.396729
5319.190430
5653.893555
5866.261719
5983.784180
6041.467773
2144.043457
4054.545166
6726.051758
7963.504395
8247.627930
8414.059570
6752.453125
1919.807129
3377.484863
4798.738281
5982.375977
6912.612305
7476.171875
7789.216797
2041.245850
3546.334717
4524.104492
5028.000977
5427.237305
5668.097656
5773.290527
2149.110107
3932.696533
5021.583008
5466.144531
5698.300293
5859.880859
5917.315430
2207.377930
4125.839844
5337.079102
5680.916016
5872.512695
5987.187988
6057.042969
2211.863037
4216.331055
6904.484375
7332.202148
7560.161133
7703.191406
8176.907715
2205.790283
4232.460449
7530.761230
8120.834473
8338.870117
8509.366211
8558.081055
2213.956055
4251.244629
7570.819336
8131.940918
8359.046875
8474.558594
8561.393555
