255.062256
392.701904
567.071350
729.610535
858.203125
940.281982
985.401123
466.546051
744.317200
1080.519531
1392.316162
1634.330078
1790.276978
1860.539185
807.327515
1206.049561
1670.787476
2108.475830
2418.406982
2579.563721
2700.456787
1370.708618
2079.107910
2879.826904
3543.525879
4082.497803
4435.937012
4655.707031
1898.946533
2697.291016
3474.867432
4236.392090
4775.782715
5154.618164
5381.916992
1525.867188
2405.659668
3338.825195
4225.909668
4829.601562
5255.830078
5479.128906
1581.534546
2583.316406
3587.082520
4405.551758
5015.298340
5408.334961
5634.999023
809.674438
1208.205688
1681.338867
2106.164551
2417.296143
2614.793701
2700.934326
1360.332031
1992.526245
2901.007812
3641.516113
4103.784668
4464.210449
4668.260742
1862.129272
2800.321045
3606.366699
4177.567383
4889.042969
5266.367676
5471.743164
1644.445679
2552.898682
3497.118652
4353.654297
4982.399414
5363.875488
5572.257812
1690.481689
2755.367432
3735.636719
4532.445312
5113.782227
5467.061523
5672.495605
1851.760986
3242.775391
4303.955566
4980.129883
5403.882324
5654.001953
5780.936035
1961.054810
3542.305176
4901.403320
5415.157715
5706.723145
5839.321777
5924.083008
1949.452393
2896.715820
3892.397461
4600.894531
5130.137207
5483.066406
5706.819336
1688.688232
2583.702148
3570.246582
4276.897949
5035.955078
5401.318359
5599.476074
1763.742432
2828.429443
3843.580078
4612.315918
5156.049316
5498.692383
5699.374512
1940.750488
3350.212646
4352.604492
5000.603027
5424.375000
5669.352539
5797.262695
2053.804932
3749.215332
4951.791016
5474.152344
5718.166504
5877.359863
5937.691406
2107.030273
3941.520996
5339.399902
5705.934082
5900.860840
6016.138672
6072.495117
2125.724365
4043.812744
5570.170410
5853.397461
6030.938477
6125.051758
8579.655273
1866.809692
3349.888672
4707.265625
5942.114746
6849.431152
7436.647949
7761.967773
1967.353027
3502.257812
4419.092773
5056.797852
5446.960449
5683.188477
5807.311035
2084.693115
3912.066162
5001.536621
5506.823242
5737.328125
5872.021973
5950.380371
2138.000244
4105.938965
5381.473633
5721.247559
5913.219238
6015.092285
6083.896973
2137.263428
4201.331543
7047.482910
7892.137207
8150.757812
8287.516602
6501.220703
2147.262207
4229.815430
7200.046387
8170.123535
8381.292969
8510.555664
8600.719727
2153.974121
4247.406250
7174.986816
8249.614258
8454.632812
8570.732422
8635.529297
