247.097244
382.803741
550.537598
728.102539
851.952087
946.849365
998.454163
409.961731
565.556458
743.894958
889.086365
986.432983
1043.709473
1069.206543
801.058411
1203.901123
1620.450439
2095.722412
2421.605713
2599.910889
2729.956299
1208.102417
1654.949585
2097.410400
2384.673340
2601.116943
2705.353516
2807.449219
1988.065796
2593.151123
3149.138672
3790.245850
4257.413086
4543.607422
4735.927734
1520.556885
2408.338379
3341.444092
4211.909180
4828.562988
5259.653809
5484.049316
1575.106201
2632.288086
3577.893555
4421.450195
5028.024902
5413.167969
5632.270508
799.678406
1200.959595
1690.949463
2113.958740
2420.213867
2636.033203
2732.799561
1228.619263
1656.978394
2100.512695
2438.882812
2608.852539
2735.510254
2780.650635
1964.231323
2694.266602
3421.558105
3953.860352
4328.310059
4600.307617
4757.932617
1639.364380
2531.236084
3405.828369
4330.794434
4973.204590
5357.038086
5575.957520
1668.269409
2757.036133
3756.141357
4545.177734
5120.233398
5473.804199
5650.605469
1728.611816
2761.216064
4352.493652
4990.197754
5405.529785
5656.011719
5781.196777
1852.319092
3124.001709
4926.058594
5424.016602
5721.796875
5872.066895
5918.094238
2188.395264
2914.281006
3815.009766
4369.292480
4784.464844
4994.202148
5159.958496
1745.983521
2576.775879
3570.845459
4416.311035
5017.353027
5398.239746
5586.553711
1751.473145
2864.392822
3849.223877
4616.030273
5156.641602
5505.625977
5697.393555
1802.515137
2889.893555
4377.597168
5033.577148
5427.499512
5674.040527
5798.857422
1919.455566
3336.677002
4958.599609
5471.096680
5724.713867
5863.208496
5935.196289
1977.008057
3584.188477
5328.587891
5706.319336
5901.849121
6018.269043
6139.084473
2016.914429
3773.306152
6277.828125
6667.963379
6876.636719
7037.630371
8575.146484
1877.743164
3370.641602
4750.971680
6010.980469
6924.762207
7497.051758
7817.976562
1887.805542
3001.180176
4419.150391
5059.066895
5466.029785
5682.780273
5807.832031
1984.855835
3485.044922
4983.325684
5497.334473
5731.483398
5887.865234
5962.091309
2036.977295
3810.064941
5376.443359
5733.359863
5925.193848
6030.487305
6097.902832
2076.424316
4006.867432
5581.871094
5874.808594
6031.957520
6179.542969
8570.820312
2074.126221
4066.450684
7224.276367
8169.925781
8381.557617
8513.522461
8597.456055
2077.750977
4101.893555
7369.766113
8243.088867
8446.922852
8566.012695
8629.974609
