243.383438
381.291962
550.196350
689.256470
857.294556
940.029541
1000.428894
416.459320
564.140198
739.144897
889.984863
984.541748
1045.293091
1074.364014
807.093567
1204.169189
1688.001343
2108.686035
2424.254639
2600.313232
2729.690186
1200.292969
1673.647949
2106.537354
2387.501953
2602.966064
2720.326172
2805.034180
1982.758423
2637.102783
3230.822754
3795.010254
4258.274414
4548.894531
4718.496094
1576.945435
2435.596436
3358.568359
4229.609375
4852.420410
5260.929199
5467.178223
1625.195312
2643.226318
3603.239746
4437.404785
5040.476074
5415.805664
5635.034668
806.159180
1205.780518
1690.681152
2100.095459
2068.117676
2642.248291
2735.737793
1220.543457
1660.795532
2100.098633
2440.713867
2611.684326
2739.120850
2808.975586
1978.884644
2575.548340
3438.405029
3959.971680
4353.256836
4601.881836
4756.450195
1678.764404
2560.454834
3524.898682
4358.817383
4990.444824
5371.117188
5582.375488
1708.498657
2798.418701
3772.190186
4573.083008
5139.215820
5483.222656
5666.071777
1779.767212
2815.954346
4395.382812
5017.705566
5429.227051
5657.462402
5782.559570
1909.094849
3175.490723
4939.553711
5450.616211
5719.294922
5872.739746
5930.516113
2108.862305
2738.966797
3671.010010
4169.121582
4543.622070
4827.819336
4971.940918
1742.706177
2620.963379
3593.285645
4444.520020
5045.610352
5387.124512
5600.806641
1796.954834
2831.299316
3875.047852
4657.289551
5165.300293
5519.229004
5702.313965
1856.660034
2979.986572
4409.258789
5048.794922
5430.014648
5681.904297
5796.330566
1974.303955
3402.659668
4991.025391
5483.050293
5726.088379
5896.061035
5948.249512
2051.677246
3653.246826
5356.247070
5711.343262
5903.982422
6016.797852
6081.275879
2055.930664
3783.869141
6904.711426
8054.778320
8327.019531
8498.774414
6896.501953
1904.383545
3409.566406
4815.283203
6056.735840
6948.975098
7512.463867
7835.303223
1917.122925
3044.699219
4451.417969
5071.358398
5470.512695
5685.254883
5803.579102
2057.004150
3557.016113
5023.174316
5518.258301
5750.391113
5872.163086
5973.430176
2122.901611
3849.933350
5390.411621
5733.433105
5927.279297
6021.333496
6085.405762
2139.308838
4057.445068
7125.284180
7580.152344
7814.279785
7996.258789
7943.785156
2138.939697
4107.632812
7472.092773
8166.818848
8380.055664
7914.604980
8597.643555
2145.123779
4141.435059
7593.514648
8248.577148
8450.539062
8566.364258
8633.947266
