259.240509
365.912292
579.790955
746.199646
878.104736
971.765198
1055.537476
494.369904
788.381470
1150.313232
1510.747681
1799.746826
1987.559570
2078.364258
828.459229
1216.359985
1732.769165
2133.591553
2441.403076
2575.058838
2742.349609
1392.291992
2064.815674
2913.308838
3458.859375
3961.508789
4290.560059
4491.948730
1837.559082
2360.240234
3021.163086
3747.736572
4296.620117
4730.542969
4968.410156
1348.232544
2077.809326
2939.949463
3734.904541
4350.502441
4763.789551
5004.779785
1553.797974
2423.112061
3335.295898
4056.155762
4566.596680
4925.515137
5112.780762
834.665833
1268.289917
1726.308838
2117.983643
2438.010498
2621.153809
2744.679932
1401.751343
2152.356689
2920.899414
3581.050781
3969.164307
4303.961914
4492.549316
1844.250977
2708.099365
3298.621582
3941.142334
4446.226562
4857.534668
5071.603516
1365.249756
2153.321045
3064.963623
3850.055420
4454.929688
4848.462891
5079.388184
1618.760620
2426.169922
3377.943359
4136.432129
4668.427734
4983.874512
5164.113281
1867.944336
2967.057373
3848.398193
4456.557129
4856.705566
5095.739258
5219.105957
2018.318848
3332.274658
4222.575684
4727.227051
5012.462891
5177.889160
5270.766113
2051.393799
3052.488281
4030.123047
4531.352051
5119.844238
5513.639648
5766.636719
1486.572876
2307.728760
3104.839600
3892.868896
4488.647461
4885.025391
5092.692871
1647.302734
2425.353760
3306.751465
4072.814209
4611.925293
4960.197266
5158.650391
1915.680786
2873.717529
3606.022949
4302.883789
4756.277344
5037.302734
5188.734863
2072.621826
3257.919189
4110.103516
4638.173828
4920.159668
5123.535645
5255.328125
2162.484375
3591.517090
4421.716309
4856.618652
5114.349609
5312.966309
6069.013672
2183.790771
3937.708496
5755.677734
6195.058594
6574.200195
6872.565918
7562.076660
1823.946289
2839.477539
4079.329834
5279.302734
6142.842285
6720.498535
7033.876465
1948.301636
2891.680664
3702.558594
4212.407715
4700.281250
5018.093262
5189.216309
2109.236816
3386.078125
4055.566162
4525.031250
4784.958008
5052.073242
5249.525391
2195.916504
3788.622803
4562.230469
4943.211914
5229.511719
5437.193848
5818.804199
2207.610352
4133.331055
6131.830566
6302.617676
6796.618164
7178.603516
7384.890625
2225.355469
4190.398926
6244.261719
6339.187988
6822.919922
7199.701172
7461.437500
2232.504150
4227.654297
6407.362793
6375.711914
6880.179199
7247.669434
7514.047363
