245.010544
329.276520
448.517548
684.701294
847.766724
933.763489
985.956482
410.203247
563.199951
736.792603
882.331116
976.776428
1033.468506
1063.007202
799.448914
1184.126221
1681.338867
2101.766113
2399.252197
2569.077148
2701.238525
1208.626587
1650.654907
2091.643066
2361.888672
2570.470703
2690.716553
2775.044922
1999.124390
2604.393066
3192.804932
3774.677002
4203.541504
4504.343262
4680.393066
1522.218872
2400.719238
3330.992676
4204.054688
4801.104004
5194.840332
5419.125977
1572.716064
2629.647705
3582.632812
4428.746094
5032.155762
5416.722168
5634.360352
800.828064
1213.902100
1681.869873
2009.828857
2390.670654
2564.687012
2704.370605
1219.741577
1649.395996
2100.927246
2411.748779
2587.291504
2710.631836
2777.822021
1951.842896
2618.900391
3390.512451
3898.613525
4285.578125
4547.602539
4707.683105
1639.123169
2525.914795
3496.544189
4334.902832
4965.141113
5324.459473
5511.700195
1607.201294
2566.303223
3754.734619
4544.505371
5119.144531
5480.853516
5672.818848
1736.391113
2761.348145
4360.345703
4995.468750
5425.008301
5663.407715
5784.737793
1844.193726
3111.025879
4931.547363
5390.985840
5734.520020
5870.400879
5928.769043
2024.186035
2768.063477
3610.645752
4134.055664
4512.700195
4721.176270
4862.284180
1688.304199
2598.603760
3565.167236
4401.251465
4983.062988
5349.962891
5537.165527
1657.288208
2681.322754
3848.093750
4636.218262
5166.369629
5514.792480
5699.169434
1814.921021
2895.310059
4383.565918
5041.080566
5446.432617
5682.744629
5799.677734
1916.174805
3348.592041
4948.986328
5446.731445
5738.061523
5885.507324
5955.708984
1976.679077
3604.160889
5345.765137
5706.355469
5887.742188
6001.800781
6064.901855
2013.576660
3783.858398
5884.620605
6206.000488
6393.467773
6509.850098
8569.566406
1795.289795
3052.595947
4764.921875
6015.579102
6916.444336
7500.480957
7831.922363
1921.918335
2997.125000
4411.370605
5069.077148
5469.491699
5684.569824
5809.489746
1977.501465
3497.761719
5011.097168
5503.305664
5741.827148
5877.591309
5950.742676
2035.070557
3793.211914
5390.496582
5734.478027
5916.705078
6023.262695
6102.242676
2075.330566
4041.333252
6111.692383
6453.645020
6636.385254
6734.811523
8569.634766
2074.958984
4063.460449
7106.589844
8228.315430
8445.756836
8578.817383
8632.092773
2080.154541
4101.598145
7307.483398
8242.737305
8120.061523
8570.812500
8636.860352
