259.530365
398.373138
580.676086
759.281494
905.602173
1006.296570
1065.773193
481.382660
772.167908
1154.052856
1525.357910
1830.256470
2027.155396
2144.393066
826.247375
1224.902588
1822.313599
2330.506104
2709.057617
2940.453613
3078.570312
1290.377563
1889.470581
2728.917236
3342.615967
3805.411865
4091.911865
4289.498047
1865.871704
2129.678223
3171.175537
4193.939941
4696.938477
5188.106934
5448.222168
1347.824829
1896.179932
2839.041748
3793.392334
4591.807617
5122.769531
5451.162109
1516.314331
2098.780273
3070.763672
4007.272949
4764.232422
5266.636719
5567.004395
838.687134
1275.470581
1803.794189
2328.195557
2692.083496
2976.799072
3075.469482
1297.591431
1962.155640
2744.742432
3380.305176
3889.421875
4182.836914
4383.092773
1893.138550
2640.644531
3330.862549
4482.579102
4900.850098
5321.383301
5521.894531
1410.893555
1941.807373
2890.476807
3872.186279
4649.996094
5170.353516
5481.789551
1598.611084
2143.716309
3146.638184
4080.677979
4828.182129
5310.938965
5582.050781
1828.061401
2284.147461
3276.390381
4224.458008
4939.621582
5380.895508
5626.833496
2009.989502
2313.592041
3352.587891
4258.893555
5114.267090
5509.161621
5720.454590
1907.399292
2693.931396
3598.445557
4466.474609
5037.913574
5372.404297
5543.722656
1374.852783
1997.864258
2962.748535
3908.888672
4696.284180
5196.446289
5496.501953
1646.268066
2189.232422
3136.848389
4095.156738
4837.368652
5324.185547
5595.768066
1917.246582
2297.127197
3267.312256
4216.925293
4931.504395
5399.258301
5633.344727
2055.391113
2347.542236
3345.725098
4290.055176
5039.759766
5444.799316
5663.173340
2143.541016
2439.434082
3428.977051
4421.131836
5161.427246
5678.838867
6025.688477
2195.578613
2528.835693
3708.370605
4750.257324
5650.617676
6264.440430
8293.553711
1798.695557
2506.592773
3814.412109
5145.788086
6293.827148
7111.348633
7581.868164
2015.033447
2328.600830
3306.623291
4218.634766
4969.792480
5401.492188
5642.892090
2095.697266
2373.727051
3378.897705
4312.307617
5043.551758
5419.909180
5673.881836
2190.116211
2444.630371
3482.430908
4387.624512
5154.757812
5600.693848
5873.235840
2195.071533
2841.780273
4217.493652
5606.998047
6746.077637
7585.850586
8079.777344
2208.266846
2868.845215
4240.113281
5679.520508
6809.832031
7789.908691
8315.744141
2217.104004
2835.240234
4220.247070
5671.090332
6854.057617
8036.460449
8439.904297
