258.278931
437.578522
685.302490
968.090820
1224.606812
1409.760376
1524.639648
476.279083
809.631592
1250.540161
1757.179810
2148.748779
2539.886230
2522.925293
862.048950
1378.561890
2121.434326
2859.220947
3508.614014
3810.577881
4127.712402
1312.572998
1911.177124
2873.998047
3231.212158
3624.591553
4009.058838
4203.391602
1882.582031
2693.260254
3432.310059
4376.530762
4984.537598
5372.748047
5620.489258
1453.695190
2265.306396
3249.553467
4131.631348
4871.367188
5343.203125
5614.476074
1622.709839
2593.773193
3578.194092
4467.950684
5109.244629
5480.764160
5712.230469
849.429749
1387.761841
2114.694336
2874.385986
3544.350342
4004.284180
4185.738281
1296.081909
1956.121460
2884.507080
3710.561523
3803.692627
4125.149414
4359.596191
1887.685669
2822.983887
3716.489258
4512.486816
5089.828613
5465.950684
5666.430664
1517.036987
2417.761719
3359.760254
4261.697754
4948.874512
5387.383789
5648.657715
1690.674194
2669.655518
3676.078857
4551.784668
5128.340332
5527.645020
5743.218262
1889.846924
3085.972412
4075.427002
4792.836426
5338.981445
5641.632812
5713.943359
2011.009766
3393.549805
4563.910156
5205.853516
5456.533691
5763.659668
5905.503418
1859.953247
2796.338135
3798.680176
4454.942383
5015.708984
5362.892090
5552.107910
1530.794189
2419.790527
3368.527588
4302.035156
4976.290527
5406.791016
5640.546875
1732.004639
2685.568115
3620.234619
4527.227539
5133.928711
5525.714844
5740.003906
1957.243652
3241.317383
3868.581299
4796.643555
5274.444824
5646.796387
5790.509277
2091.321045
3509.575195
4374.197754
5080.634766
5397.658691
5710.209961
5859.036621
2160.898438
3778.652588
4630.732910
5305.039551
5648.962402
5918.230469
6008.619629
2159.066406
3996.755371
6047.057129
7193.944824
5734.825195
6342.956055
6502.508301
1838.240967
3127.079102
4301.999023
5667.075684
5054.240723
5452.034180
5674.699707
1987.533569
3233.442627
3963.333252
4720.051758
5237.622070
5584.770020
5734.644043
2127.919434
3595.902344
4452.231934
5035.507324
5358.547363
5634.216309
5881.061035
2201.883789
3866.538818
4781.552246
5314.825684
5466.368652
5860.395020
6014.858887
2199.418457
4054.165283
6348.184082
7210.606934
5730.289062
6248.745117
7701.757812
2210.529541
4110.353516
6581.349609
5509.495605
6514.553223
7372.806152
8360.016602
2220.355713
4147.966309
6616.484375
6016.312988
7714.103027
8041.141602
8346.927734
