246.921997
385.094025
550.082642
723.912903
858.483093
942.601868
997.837158
459.162537
719.552795
1073.548462
1406.024414
1683.063477
1863.469360
1948.439453
701.935486
1214.993286
1682.667114
2090.953613
2426.769775
2599.830566
2729.823242
1322.231201
2010.680420
2821.833496
3510.565674
3777.587891
4401.671875
4626.145020
1867.122437
2648.081543
3335.818359
4199.564941
4762.952148
5134.701172
5366.524414
1523.780273
2356.125977
3327.480225
4215.794434
4827.041016
5263.276367
5487.297363
1588.411743
2580.542236
3582.105713
4405.609375
5017.465332
5408.095703
5627.988281
803.137207
1205.780518
1677.630737
2101.766113
2415.493408
2636.942871
2727.562012
1334.265991
1940.326538
2824.453125
3585.911133
4049.711670
4424.728027
4641.488281
1867.435425
2776.592773
3604.230469
4337.015137
4874.045410
5250.412598
5454.902832
1634.434082
2537.323975
3498.267334
4340.466797
4973.572266
5361.480469
5573.713867
1607.259277
2573.250000
3754.817139
4543.528809
5113.122070
5473.692871
5664.937012
1742.808350
2765.762695
4350.326660
4990.750488
5384.726074
5654.192383
5779.679688
1846.256592
3113.012939
4932.511230
5416.458496
5727.062012
5872.265625
5927.935059
1877.189575
2751.511230
3592.073730
4352.421387
4936.038574
5287.738281
5502.129883
1656.795288
2594.395264
3554.457764
4424.168945
5017.876465
5400.797852
5592.740234
1654.765015
2682.403809
3852.705322
4638.444336
5154.234863
5504.341797
5698.746582
1803.609253
2909.869873
4383.340820
5033.539062
5421.188477
5670.452148
5793.112305
1915.515869
3330.895508
4961.631348
5454.462402
5724.713867
5859.523438
5946.749023
1978.423218
3602.453613
5330.150879
5700.775879
5906.531250
6012.083496
6104.713867
1997.410767
3753.516113
6730.901367
8093.126953
8361.707031
8555.879883
8511.697266
1804.156982
3086.027588
4734.339355
5977.300293
6872.979980
7437.099609
7761.205566
1882.701294
2963.601074
4406.066406
5061.187012
5456.556641
5679.768066
5807.649902
1984.767334
3482.659424
5017.257324
5492.980957
5748.895020
5879.370605
5948.545898
2034.512939
3794.251953
5391.669434
5737.128906
5918.563477
6022.193359
6076.744141
2074.225830
4017.894287
7169.542480
7643.308105
7878.590820
8004.328613
8504.714844
2073.631348
4068.787842
7274.549316
8163.264160
8385.054688
8516.206055
8596.857422
2079.045898
4099.390625
7318.998047
8247.615234
8443.627930
8567.403320
8636.875977
