257.610046
394.305725
568.888916
738.069580
864.546692
960.570496
1046.591187
472.401611
673.650635
1173.897705
1581.987915
1918.134155
2148.844971
2231.885498
823.803650
1285.477905
1854.038940
2371.828125
2665.835938
2943.336426
3115.060059
1412.055786
2171.809570
3105.292480
3934.722412
4411.869141
4840.888184
5088.815918
1851.607178
2462.917725
3219.346924
4040.405029
4699.953125
5138.154297
5415.325195
1507.594116
2392.883301
3385.527344
4272.574707
4879.340820
5269.711426
5480.112793
1675.734375
2697.038818
3706.948730
4501.494629
5111.492676
5483.222656
5681.515625
809.439087
1299.380005
1860.842285
2357.278809
2542.532471
3001.568604
3114.482422
1399.638184
2198.300293
3119.847656
3923.401123
4514.999023
4848.567871
5092.905273
1836.044800
2804.678955
3493.390381
4298.644531
4894.299805
5296.151367
5521.304199
1602.231934
2444.820312
3537.779297
4352.645996
4976.804688
5320.499023
5506.414551
1742.297363
2831.670166
3842.020264
4602.334961
5193.051270
5507.001465
5695.291504
1860.690918
3311.989746
4390.229980
5028.973145
5440.561035
5664.349609
5782.341309
1992.465698
3613.174316
4972.636230
5421.169434
5755.647949
5860.340820
5922.920898
1907.399292
2789.485352
3740.310547
4351.077637
4952.002930
5324.754395
5534.086426
1627.510132
2605.962158
3631.112793
4465.295410
4998.516602
5341.632324
5520.419922
1788.804199
2928.685791
3956.844482
4713.833984
5247.044922
5542.407227
5703.137207
1909.483398
3425.497803
4492.672852
5095.275391
5486.729492
5683.092773
5788.158203
2052.811279
3809.854980
5051.767578
5471.273926
5757.726074
5828.717285
5907.889160
2126.294922
4005.232666
5373.200684
5701.100586
5894.522949
5985.089355
6089.826172
2126.548340
4083.179688
6895.141602
8067.508789
8324.075195
8475.738281
8559.204102
1878.693115
3326.828613
4903.271484
6134.192383
6996.532715
7539.545898
7830.279785
1956.341431
3554.422119
4539.290039
5110.560059
5505.831543
5682.516113
5792.419434
2095.746582
3901.700195
5088.388672
5529.107422
5784.371582
5864.985840
5909.783203
2171.572998
4107.864258
5395.297363
5730.639648
5931.068359
6014.477051
6170.647461
2182.894775
4199.228516
7095.335938
8072.214844
8344.314453
8482.674805
8171.020996
2188.029297
4234.007812
7238.403320
8177.644043
8435.881836
8565.975586
8581.542969
2197.925293
4259.021973
7335.476074
8163.596191
8404.511719
8522.039062
8604.047852
