162.161148
239.532166
325.119049
392.267242
440.688263
467.911011
482.580292
323.493622
484.212799
646.135193
784.068848
879.351807
924.702637
925.950867
652.596069
972.956543
1293.997559
1563.150757
1758.997314
1776.465576
1843.829468
1275.895508
1906.795898
2550.191406
2968.449463
3097.005127
3508.732178
3659.254639
1954.582397
2709.456299
3494.536621
4220.108887
4757.705078
5095.787598
5295.160156
1557.436279
2441.921875
3383.645264
4190.094238
4842.097656
5206.707031
5430.647949
1614.304199
2601.495361
3581.352539
4417.003418
5008.438477
5414.432129
5638.001953
652.290405
970.685852
1298.256836
1547.924316
1756.722412
1868.897339
1878.793823
1254.913208
1540.156738
2559.077393
3117.079834
3355.531006
3579.257812
3731.993896
1939.947754
2859.941895
3696.494141
4394.959473
4892.451172
5241.735352
5440.588379
1668.206909
2584.165527
3542.633789
4359.941406
4972.323730
5338.748535
5533.106445
1675.419434
2771.610840
3756.803955
4532.202148
5123.231445
5487.787598
5672.399414
1849.225220
3241.378174
4310.052246
5007.044434
5434.416504
5661.571289
5783.474121
1940.813599
3547.062012
4922.678711
5396.771973
5732.788086
5877.032227
5932.162109
2035.279541
2907.229492
3972.249023
4663.840820
5214.958496
5549.497559
5741.353027
1766.889282
2623.029785
3617.544678
4452.126953
5011.679688
5355.757812
5541.687988
1774.628784
2840.502930
3851.225342
4626.513672
5178.242676
5528.190918
5707.062012
1931.330322
3380.190186
4441.555176
5085.313965
5471.846191
5690.535156
5804.388184
2038.957764
3744.306396
4998.198730
5455.760254
5758.402832
5898.511719
5968.083984
2102.730225
3929.770752
5368.312988
5714.696777
5900.691895
6008.598633
6069.419434
2097.577637
4048.271729
6673.400391
8060.441895
8352.746094
8501.476562
8579.458984
1882.979736
3360.689941
4690.033203
6005.643066
6907.862793
7489.661621
7829.891113
2000.380615
3558.955078
4448.454590
5090.673340
5468.936035
5680.296387
5807.719238
2080.920898
3905.443359
5054.540039
5515.760742
5746.062988
5880.045410
5970.188477
2130.398682
4090.311035
5403.145020
5729.668945
5927.584961
6042.962891
6102.536621
2133.458496
4188.541504
6875.543945
8092.437012
8355.511719
8487.465820
7912.097656
2148.067383
4223.278320
6998.671875
8251.844727
8468.750977
8596.475586
8634.224609
2154.170898
4242.260742
7142.706055
8263.858398
7705.206055
8578.740234
8642.130859
