231.756927
440.264069
516.325745
648.981506
788.260437
909.738342
994.424255
245.585312
436.935486
580.711853
638.471680
793.338135
908.378845
1001.203064
245.542313
436.220917
564.820435
661.659912
800.544128
911.145935
988.164368
246.361252
438.094727
582.728943
646.156189
756.483765
915.773071
996.538147
246.404480
433.277496
544.423401
627.788757
789.096558
908.926575
986.128418
246.794434
435.071533
555.281311
630.809998
806.515808
908.006897
990.868225
245.843414
436.935486
556.746094
649.064941
796.907776
912.999939
994.583130
174.937378
348.194763
554.611877
781.481934
992.606018
1050.470093
1089.321167
188.383820
393.980347
603.760681
793.117004
985.309692
1046.653809
1089.853394
188.264023
391.554779
580.209412
773.880310
999.043213
1049.230957
1092.836792
189.226654
351.919708
543.150574
778.324097
991.097412
1049.850098
1091.811035
189.275024
367.850708
572.856323
814.638123
988.443115
1047.108521
1087.264404
188.792236
388.113892
555.675659
775.750366
981.533752
1049.869995
1087.851196
188.479752
369.933289
529.676758
785.423340
987.479004
1049.668335
1090.171387
448.447998
766.080017
903.238647
1008.274902
1067.534668
1106.139893
1111.267334
468.861145
783.112732
877.928589
1009.406921
1065.549072
1107.356445
1111.257446
424.820648
798.000061
881.056458
1004.358887
1066.032593
1107.102417
1111.638184
459.892303
794.791870
891.484680
1018.796387
1070.204712
1106.717773
1111.204590
447.245300
779.945679
901.080872
1001.497498
1069.635254
1107.339966
1111.800415
483.890930
793.157532
886.341248
1013.420837
1066.002075
1105.325806
1111.010986
431.999969
781.481689
884.376282
1001.260193
1069.015259
1107.401001
1111.028198
613.227417
944.458618
1047.894043
1079.700073
1104.097778
1203.741943
1574.495605
843.354431
1305.487183
1454.608643
1510.252319
1544.208984
1563.710815
1567.642334
853.781860
1326.808716
1457.430542
1507.393677
1542.025146
1563.480225
1568.384155
836.734619
1294.900269
1446.786865
1508.874268
1543.457031
1563.640381
1568.838379
825.596558
1313.437500
1459.985352
1500.304932
1541.870728
1563.709961
1568.593018
865.259766
1318.865356
1437.592163
1508.433716
1542.311157
1565.530396
1568.463013
838.112122
1314.739014
1450.434204
1506.877441
1539.677612
1563.322266
1568.606689
