255.436523
392.701904
572.190002
744.832275
881.708679
981.295410
1058.598145
479.229187
785.860474
1172.605225
1592.717407
1929.207275
2168.246826
2282.793701
817.276978
1285.783569
1858.244629
2368.373047
2769.460693
2966.921387
3139.225586
1378.510254
2102.146240
2886.461426
3431.621826
3898.424316
4269.635742
4462.644531
1813.038208
2434.363037
3237.206543
4091.242432
4733.370605
5133.289551
5463.109863
1520.349365
2366.826660
3393.213379
4274.302734
4905.417969
5308.276367
5524.028809
1677.248047
2702.853271
3698.339355
4540.234375
5119.027832
5484.295898
5685.987305
815.363037
1310.719971
1856.624878
2371.295654
2776.033691
3022.182373
3139.929688
1235.157471
2119.035889
2900.217773
3521.973145
3959.646240
4291.655273
4479.128906
1781.154297
2822.247070
3492.244629
4135.471191
4905.989258
5321.636230
5555.046387
1603.615723
2466.991211
3562.037109
4360.166016
5014.141602
5363.575684
5551.557617
1742.501587
2852.773926
3836.138428
4603.587891
5190.490723
5514.363281
5698.806641
1873.480591
3290.072510
4376.248047
5018.338379
5427.696289
5660.749023
5784.027832
1991.953491
3615.779053
4955.318848
5445.130859
5735.411621
5883.402344
5914.134277
1868.688354
2813.435547
3624.470459
4402.512207
4971.442871
5361.181152
5579.917969
1611.968506
2642.257812
3656.828857
4457.291016
5044.099609
5388.117676
5567.546875
1783.149902
2937.835938
3944.113525
4703.933594
5239.862305
5541.904785
5705.014160
1916.422119
3432.906250
4484.455078
5106.894531
5474.380371
5678.520996
5786.201172
2059.475830
3806.459961
5060.168945
5510.390625
5771.055176
5830.492676
5876.929199
2127.296875
3997.875244
5381.643555
5725.896973
5914.121094
6009.319824
6065.209961
2161.488037
4116.208008
5844.215820
6170.830566
6344.125977
6431.716309
8558.438477
1887.445679
3322.739502
4862.275879
6115.555176
6946.180664
7485.534668
6522.245605
1960.774292
3534.670166
4544.738281
5100.770020
5503.470703
5695.138672
5791.901367
2099.597412
3906.060547
5084.706055
5522.381348
5777.303223
5851.046875
5886.169434
2172.340820
4113.235840
5392.223633
5717.366211
5920.279785
6014.968262
6284.711914
2182.534180
4203.743164
7114.202148
7888.777344
8144.353516
8278.863281
8493.810547
2191.620605
4237.708496
7264.411621
8130.762207
8364.679688
8492.300781
8576.146484
2198.448975
4257.816406
7315.110352
8180.880371
8398.483398
8531.020508
8613.473633
