257.324432
390.771881
560.623291
696.617065
847.493713
916.814941
977.941345
465.921692
739.228882
1063.046509
1375.462646
1622.240723
1770.142822
1728.661377
808.734009
1206.049561
1664.260132
2082.711670
2339.011230
2557.896240
2676.782715
1370.708618
2068.765869
2879.437500
3529.029785
4055.758057
4371.339355
4602.625977
1892.816895
2692.254395
3447.867432
4226.860840
4743.769043
5115.248047
5324.033691
1571.828491
2428.213135
3369.460205
4228.446289
4807.544434
5221.019043
5430.647949
1617.115845
2650.271729
3609.728027
4416.656738
5045.043457
5415.347656
5639.114746
809.203918
1213.629639
1671.836670
2097.386230
2390.534912
2584.242920
2676.484131
1304.886353
2077.510010
2888.418945
3602.720703
4075.977051
4381.479492
4629.779785
1859.022095
2805.406738
3648.685059
4357.581543
4868.410156
5259.365723
5465.243652
1680.030151
2559.697021
3534.843750
4364.442871
4974.453125
5338.621582
5532.878418
1710.859863
2809.050293
3767.769287
4572.897461
5124.556641
5489.354980
5673.812988
1899.149048
3280.403564
4394.022949
5016.625977
5420.250977
5659.903809
5785.391602
2006.889160
3559.906738
4944.390625
5402.721191
5728.851562
5856.640137
5919.867676
1963.538940
2902.937012
3900.595459
4557.735840
5151.476562
5499.029297
5688.069824
1761.859741
2608.476807
3599.814209
4435.310059
4977.319824
5360.668457
5542.488281
1780.727295
2860.887695
3842.540039
4642.646973
5180.273438
5522.379395
5699.773926
1973.451416
3443.222412
4393.002930
5045.668945
5447.775879
5682.072266
5797.193359
2087.158447
3785.431396
4972.128418
5456.662598
5730.423340
5882.656250
5956.537109
2156.115479
3981.773926
5342.832031
5705.886230
5911.675781
6014.840332
6073.557617
2141.885742
4057.896973
6827.094238
8039.243652
8329.876953
8494.173828
8582.536133
1907.072998
3337.481445
4747.926758
6013.332520
6904.959961
7465.007324
7762.303711
2013.804199
3562.765869
4486.875977
5081.875488
5458.324219
5681.711914
5803.861328
2124.875488
3923.332520
5029.624023
5509.335449
5730.386230
5879.017090
5959.958984
2202.836182
4135.924805
5398.267090
5729.049805
5925.702148
6026.582520
6087.448242
2188.636963
4204.905762
7094.098633
8009.729004
8270.484375
8416.038086
7547.044922
2199.978271
4240.395996
7323.766113
8167.601074
8388.480469
8517.843750
8600.896484
2205.636963
4255.244629
7572.611816
8252.002930
8451.168945
8566.784180
8634.846680
