255.436523
393.158813
576.401794
749.799927
885.044556
981.203796
1062.294434
479.064331
784.719849
1176.751343
1588.408203
1937.195435
2172.843262
2287.707031
825.268127
1296.264771
1850.816772
2383.060059
2772.743408
2975.745117
3149.114746
1382.615967
2107.061523
2896.667969
3448.137695
3944.438477
4278.002930
4478.233887
1858.092041
2409.948730
3228.863770
3994.964355
4730.578613
5158.731445
5477.186035
1516.727295
2380.504395
3388.489990
4288.178711
4899.210938
5325.007812
5541.733398
1665.277100
2688.656250
3710.419678
4532.688477
5116.966797
5479.982910
5680.722656
811.089111
1292.855103
1857.272461
2368.903809
2779.882568
2983.244141
3144.927734
1381.244629
2105.010986
2663.398926
3496.626709
3966.920654
4262.706543
4489.907227
1839.075562
2829.262207
3518.783936
4298.207520
4916.730469
5337.773438
5572.373047
1575.607300
2506.447266
3566.958008
4373.700195
5017.502441
5371.802734
5564.479980
1729.383301
2850.236328
3838.817627
4609.612305
5181.588379
5514.725098
5695.304199
1864.778564
3311.166016
4396.573242
5005.524902
5419.814941
5660.606445
5777.125977
2001.189209
3610.271484
4982.706543
5452.175781
5740.823730
5858.917480
5905.629883
1888.325439
2817.100342
3764.439697
4401.366211
4969.243164
5368.714844
5595.208984
1606.274414
2625.099365
3663.118164
4466.947266
5057.276367
5393.866211
5555.529297
1763.812256
2927.298340
3975.770996
4703.605957
5229.206543
5534.378906
5709.220215
1921.835327
3418.458984
4497.771973
5085.008789
5465.409180
5685.531250
5787.796875
2055.770752
3797.562256
5056.415039
5507.159668
5765.906250
5858.291992
5920.666504
2125.154053
4001.828125
5390.922852
5723.813477
5920.761230
6004.721680
6057.749512
2131.373291
4079.364502
6897.636230
8060.946777
8327.123047
8470.262695
7844.340820
1892.093506
3293.893311
4887.800293
6126.746094
7005.408203
7536.208496
7838.777344
1962.242188
3526.816650
4514.694336
5134.537109
5509.298828
5690.788086
5790.734375
2095.327881
3914.588867
5089.034668
5527.639160
5779.458496
5889.876465
5888.936523
2171.572998
4118.375977
5376.506836
5720.811523
5923.390137
6013.276855
6101.625488
2177.368896
4195.651367
7130.334473
8067.544922
8341.092773
8482.898438
7940.469727
2189.598145
4234.519043
7261.916504
8195.666992
8437.584961
8497.991211
8576.094727
2198.480957
4259.110352
7313.496094
8202.643555
8426.567383
8541.789062
8610.769531
