255.905914
392.132294
540.479126
729.812134
857.364380
939.021362
987.789062
470.010132
734.608704
1069.666504
1397.471558
1630.027954
1793.945312
1862.809326
809.203918
1188.290039
1663.740112
2084.766113
2417.990234
2581.782227
2703.238770
1353.391602
2071.540283
2877.881348
3549.774902
4087.451416
4446.968262
4656.869141
1888.005371
2677.588135
3323.067383
4241.493164
4783.242188
5143.026855
5386.707520
1537.448486
2410.485840
3342.099609
4230.138672
4836.605469
5266.533203
5482.013184
1590.055298
2617.711670
3583.838379
4408.538574
5009.592773
5404.053223
5632.176270
806.392578
1203.097412
1686.664429
2102.184326
2423.278076
2609.030518
2704.718994
1366.673218
2077.510010
2898.244629
3631.817139
4109.391113
4464.684570
4684.407227
1869.001831
2806.134766
3530.449219
4377.210449
4890.746582
5268.183594
5467.734863
1652.985107
2537.323975
3511.966797
4343.923340
4983.209961
5363.661621
5577.347168
1686.451538
2768.772217
3674.889160
4536.275879
5114.403320
5476.211426
5660.950684
1865.871704
3238.466064
4324.655762
4968.678223
5379.889648
5646.274902
5775.642090
1956.599121
3543.066895
4920.404297
5415.482422
5713.014648
5861.138672
5936.527344
1942.315186
2855.410645
3857.153076
4552.581543
5083.069824
5427.652832
5630.051758
1711.385498
2586.173828
3553.419922
4423.590332
5039.948730
5417.114746
5601.204102
1758.730713
2833.617676
3844.100586
4628.856934
5152.303711
5495.883301
5689.539551
1936.070801
3358.211182
4362.355469
4996.649414
5413.478516
5672.018555
5789.436523
2041.853760
3748.727539
4957.553711
5468.575195
5732.142090
5886.512207
5953.577637
2104.244385
3941.072021
5340.801758
5706.355469
5906.007324
6013.354004
6114.131836
2102.680908
4049.183594
6655.024902
8018.299316
8326.493164
8485.749023
6980.622070
1867.200806
3360.689941
4725.541992
6001.379883
6900.788086
7492.958984
7817.817383
2000.605225
3514.636963
4452.697266
5047.363281
5442.428711
5683.248535
5802.921387
2081.285156
3919.599609
4991.829590
5501.537598
5723.388672
5892.425293
5949.556641
2133.088135
4102.337402
5370.978027
5732.108887
5921.613281
6023.649902
6285.612305
2170.006836
4237.072754
6224.181641
6577.420410
6763.669434
7001.969727
8562.070312
2150.905518
4230.564941
7055.964355
8173.918945
8380.361328
8524.960938
8599.452148
2152.681641
4247.650391
7239.440918
8249.989258
8449.804688
8569.092773
8633.413086
