2152.391113
2100.648438
2095.660400
2123.104736
2100.190918
3009.160156
2391.488037
2407.995605
1139.923340
1141.635010
793.177124
793.759827
793.755920
793.178040
793.432312
793.587646
793.460022
2363.552246
2439.228760
2329.952148
2471.000977
2410.566650
2375.658936
3118.537354
2402.341064
2397.023193
1147.410767
1148.075439
792.046326
792.047546
791.999878
791.898315
791.919495
791.963562
2714.239502
2691.265137
2685.995361
2672.474854
2691.085449
2652.437500
2679.852051
2885.301270
2148.350098
2146.845215
1118.374512
1166.538574
837.014099
1128.497925
1128.575928
1128.412109
1128.464233
4682.869629
4673.577148
4688.395020
4670.585449
4678.944336
4680.759277
4271.957520
3383.809570
3347.157227
3516.308594
2429.589844
3109.560547
1485.570190
1622.823364
1142.548218
1140.844116
1140.739380
4607.715820
4599.126953
4602.633789
4608.163086
4604.375000
4602.551758
4600.129395
4605.724609
4611.031250
4607.141113
4931.117676
3409.467041
3413.479004
1613.589722
1612.604858
1140.905884
1140.881470
