258.662689
393.846161
570.718140
737.657410
872.645264
973.115356
1049.809937
469.693115
787.692322
1177.011475
1583.410156
1887.862305
2146.649414
2262.007812
822.344299
1291.002808
1859.217896
2369.700684
2747.056396
2940.556396
3109.637939
1411.697998
2068.370117
2807.698242
3418.854736
3773.863525
4062.148682
Async kernel error: an illegal memory access was encountered
1870.256836
2414.792236
3224.952637
4043.303955
4691.966309
5111.981445
5406.651367
1524.614380
2373.971436
3385.258545
4258.049316
4883.797363
5262.205566
5477.029785
1676.553833
2669.738037
3697.938232
4521.899902
5131.035156
5485.817383
5682.512695
811.561768
1306.602295
1730.797852
2350.723877
2744.191895
2996.752686
3111.712402
1402.104126
2090.765625
2819.965576
3374.099609
3844.850342
4078.113770
4233.218262
1802.187012
2821.142578
3490.527832
4292.533203
4893.587891
5286.906250
5507.678711
1602.462402
2507.609863
3549.275391
4340.912598
4972.103516
5310.959473
5506.910645
1734.364014
2841.622803
3812.619629
4598.580078
5188.611816
5516.534668
5695.738770
1876.557251
3282.893311
4387.855957
5034.138672
5442.494629
5661.345215
5781.731445
1998.922729
3596.313477
4966.295898
5425.431152
5740.358887
5873.227051
5938.413086
1890.889282
2816.366699
3768.102539
4381.066406
4937.485840
5316.838867
5524.573730
1632.876953
2627.650879
3628.174805
4451.775391
4993.552734
5321.973145
5498.751953
1788.445435
2913.299561
3956.109619
4698.508301
5240.351562
5548.398926
5711.052734
1925.530640
3416.703613
4521.523438
5095.428223
5490.732422
5686.096191
5788.532715
2045.015991
3795.354736
5056.865234
5478.719727
5763.920410
5859.351562
5934.304199
2124.824707
3997.205566
5373.899414
5713.297363
5901.235352
5977.520996
6047.729492
2157.256836
4117.518066
6337.529785
6739.776855
6933.233398
6210.879395
8557.731445
1898.865845
3316.878906
4887.379395
6138.423828
6997.258789
7529.878906
7831.078125
1943.924927
3514.280273
4441.149902
5107.935547
5500.998535
5689.861328
5795.167969
2094.367920
3901.083984
5082.734863
5523.035156
5779.855957
5844.905273
5943.420898
2178.127197
4115.608398
5384.002930
5712.621094
5922.153320
6012.581543
6061.772461
2212.480713
4237.436035
5851.918457
6161.203613
6356.568848
6442.406250
8562.387695
2189.325684
4236.956055
7259.470215
8202.170898
8435.321289
8541.913086
8578.621094
2200.636719
4258.713867
7345.906738
8197.697266
8425.033203
8548.309570
8614.161133
