249.219757
391.337555
564.187317
724.309814
854.788452
939.441101
987.487000
472.081360
744.522156
1070.311523
1383.385254
1632.682373
1789.590698
1862.644287
763.299500
1191.169922
1678.159424
2096.138184
2430.551758
2578.297607
2704.283203
1366.673218
2077.510010
2895.880371
3544.714355
3975.722656
4438.865234
4655.513184
1901.864136
2700.996582
3484.816650
4240.216797
4793.861328
5160.948730
5381.701660
1574.382812
2445.511230
3384.182861
4233.315918
4850.045410
5261.628906
5487.477051
1621.469971
2644.519287
3617.698486
4428.108398
5032.531738
5421.482422
5635.211426
817.997070
1186.204590
1669.739624
2108.896240
2422.859619
2607.007568
2695.731689
1364.998657
2084.317627
2891.948242
3644.970215
4105.985352
4465.870605
4679.056152
1867.122437
2823.352539
3554.903076
4310.040527
4844.883301
5272.810547
5472.812988
1671.585815
2574.781982
3536.457520
4372.117188
4994.959473
5367.943359
5578.875488
1703.795654
2782.934570
3757.798096
4557.674316
5126.194824
5483.110840
5665.713867
1895.272095
3275.311035
4366.211914
4983.836426
5412.369141
5655.036133
5785.454102
2003.280640
3549.973145
4937.156250
5432.098145
5689.193848
5844.847656
5919.022949
1974.675659
2919.395264
3920.338623
4628.856934
4997.552734
5543.915527
5760.406250
1776.893188
2617.474121
3616.009277
4432.751953
5055.302734
5413.668945
5604.054199
1789.738037
2860.887695
3850.528564
4643.921875
5168.430176
5503.575684
5696.692383
1968.352173
3415.084961
4377.653809
5025.796875
5444.385742
5673.406738
5793.131348
2094.441406
3782.038818
4979.866211
5460.671875
5721.273926
5878.926758
5933.360840
2150.562012
3974.479248
5345.828613
5706.355469
5909.044434
6015.603516
6074.335449
2140.464844
4057.540283
6853.368652
8043.916504
8335.423828
8491.891602
6581.083984
1911.162109
3401.121094
4769.856934
6047.097168
6935.455078
7522.087402
7841.178711
2009.808105
3566.952393
4454.792969
5072.156738
5460.138184
5687.262695
5806.049805
2129.317139
3915.386230
5005.393066
5502.701172
5739.112793
5865.082031
5961.383789
2202.822754
4120.681641
5383.769043
5726.866699
5920.058594
6018.211914
6090.323242
2234.697754
4246.171387
5578.262207
5881.757812
6033.459473
6123.650391
8546.224609
2200.905273
4237.747559
7390.543945
8168.748047
8378.576172
8519.634766
8602.013672
2206.493408
4254.675293
7545.873535
8249.608398
8442.436523
8564.535156
8637.510742
