247.009583
380.862213
542.903748
723.516418
852.227966
930.085022
989.815247
1923.489258
1923.929932
1926.048218
1925.209229
1922.212280
1926.578491
1927.241943
2712.582764
2714.555908
2713.547119
2710.743896
2683.026611
2710.262451
2710.787598
4615.972168
4615.972168
4604.644531
4616.353516
4605.781250
4612.802734
4619.845703
5435.305664
5441.161133
5455.080078
5441.425781
5437.901855
5441.161133
5440.853027
5494.883789
5504.586914
5513.170898
5506.820801
5496.659668
5513.804199
5505.195801
5668.151855
5667.326660
5670.544434
5668.139648
5665.092285
5669.060547
5665.092285
805.925903
1206.857178
1677.102295
2069.051514
2383.768066
2607.411865
2718.378662
4646.625000
4619.210449
4640.269531
4644.247559
4641.488281
4648.168457
4641.103027
5498.211426
5496.276855
5480.045898
5498.166504
5503.933105
5495.288086
5504.022949
5547.958496
5551.970215
5550.502441
5549.035156
5538.786133
5516.951172
5550.295898
5698.927246
5697.658691
5691.949707
5697.429199
5696.487305
5698.118164
5696.825195
5801.180176
5800.178223
5797.231445
5801.398926
5800.891602
5799.696289
5800.303223
5966.407227
5964.255371
5964.910645
5964.645996
6224.026367
6270.242188
6271.394531
1955.954956
2442.611328
3909.544678
4636.472656
5191.010254
5327.539062
5499.967285
5556.378906
5557.688965
5554.908691
5554.059082
5554.908691
5559.184082
5550.686035
5712.254395
5716.750977
5714.441406
5713.432617
5712.898438
5712.436523
5714.830078
5803.955078
5808.120605
5804.437988
5805.008789
5803.704590
5804.519531
5801.643555
5979.119629
5967.235352
5957.494629
5959.010254
5968.236328
5958.558105
5928.523926
6080.603027
6347.111816
7224.898926
8318.524414
8451.961914
8459.186523
8448.123047
8594.362305
8591.378906
8595.796875
8590.750977
8594.849609
8572.427734
8524.452148
3610.213867
3411.852295
4933.939453
6122.641602
6975.235840
7493.250488
7787.749512
5814.474121
5815.764160
5815.015137
5813.404785
5814.996094
5813.058594
5816.123047
5971.276367
5961.873047
5982.970215
5970.337891
5982.641113
5968.935547
5970.208496
6085.839844
8395.950195
8394.957031
8401.798828
8410.414062
8411.645508
8396.169922
8529.108398
8526.217773
8527.266602
8528.336914
8525.412109
8527.048828
8528.132812
8608.463867
8608.549805
8607.485352
8607.573242
8607.322266
8607.403320
8607.539062
8576.503906
8576.965820
8564.000000
8577.602539
8577.399414
8575.397461
8575.989258
