243.298401
373.495422
554.551147
724.210510
851.469727
936.301514
986.721191
1924.370972
1925.694824
1926.136719
1924.503174
1926.932373
1925.739014
1925.518433
2711.575439
2711.006348
2702.238281
2711.356445
2713.547119
2710.743896
2705.503174
4612.105957
4615.401367
4611.726074
4617.749512
4613.056152
4611.535645
4613.816406
5446.631836
5447.647949
5444.027344
5446.808594
5441.910645
5435.877441
5446.984863
5506.820801
5501.003418
5503.391602
5505.376465
5509.711426
5509.711426
5509.508301
5666.860840
5668.151855
5666.765137
5667.087891
5667.052246
5665.796875
5663.563965
798.074463
1191.957642
1669.216187
2077.185303
2374.358887
2585.276367
2709.169434
4640.333984
4640.013672
4641.167480
4644.247559
4645.146973
4647.846680
4641.616699
5492.412109
5497.221680
5498.256348
5495.288086
5492.636719
5502.490234
5493.085938
5544.661133
5546.950684
5540.956055
5551.351074
5546.103027
5546.812500
5544.546387
5697.103027
5696.970215
5696.849609
5695.437012
5695.979980
5696.607910
5698.153809
5794.718262
5799.120117
5799.220703
5801.680664
5800.322266
5799.295898
5801.899902
5964.907227
6174.738281
6226.590332
6237.829102
6193.558105
6227.174805
6307.204102
1943.331543
2862.591797
3915.293945
4683.995605
5263.688965
5565.390625
5497.851562
5552.268555
5553.163574
5544.546387
5545.736816
5552.107910
5553.622559
5550.823242
5715.316406
5713.748535
5704.977539
5714.854004
5714.076660
5716.775391
5712.182129
5808.044922
5804.156250
5807.323730
5805.566895
5804.532227
5806.269531
5806.664551
5957.332520
5962.157227
5963.212891
5935.146973
5967.875000
5946.149902
5954.138184
6085.247559
8439.605469
8460.904297
8483.256836
8480.456055
8461.744141
8455.277344
8589.826172
8530.416992
8533.985352
8527.890625
8528.636719
8526.076172
8527.542969
3606.124023
3397.914795
4932.368652
6102.202637
6959.886230
7496.425781
5729.293945
5816.191895
5814.505371
5816.166504
5814.876465
5815.996582
5814.926758
5815.493164
5969.496094
5981.102539
5970.162598
5981.282715
5947.584473
5946.952637
5967.026855
6106.210449
8431.617188
8379.612305
8417.421875
8423.587891
8417.001953
8408.288086
8530.067383
8533.225586
8538.006836
8528.540039
8533.658203
8534.102539
8528.857422
8609.011719
8610.552734
8610.393555
8609.977539
8581.516602
8541.688477
8542.249023
8576.903320
8577.018555
8576.569336
8576.423828
8577.925781
8575.478516
8577.537109
